  4.8140000e+003  8.9410000e+003  8.7190000e+003  1.5830000e+003  9.5900000e+002  5.5800000e+002
  4.6300000e+002  1.1180000e+003  1.2240000e+003  1.5300000e+002  3.3000000e+001  8.3000000e+001
  3.6100000e+003  2.6080000e+003  3.3650000e+003  1.6340000e+003  7.2800000e+002  1.1000000e+002
  2.8700000e+003  5.0910000e+003  5.9660000e+003  1.5830000e+003  5.6200000e+002  2.6100000e+002
  2.7770000e+003  2.6080000e+003  3.2120000e+003  1.7360000e+003  7.9400000e+002  1.3600000e+002
  4.4440000e+003  6.2090000e+003  7.9540000e+003  2.6550000e+003  1.1250000e+003  3.1300000e+002
  9.8130000e+003  7.8230000e+003  9.6370000e+003  8.9850000e+003  3.1430000e+003  1.2000000e+002
  4.4440000e+003  8.1950000e+003  7.6480000e+003  3.8800000e+003  1.3070000e+003  1.5100000e+002
  1.4071000e+004  1.3535000e+004  1.8050000e+004  7.1470000e+003  2.1340000e+003  2.3500000e+002
  8.3300000e+002  9.9300000e+002  1.0710000e+003  8.1700000e+002  1.8200000e+002  2.1000000e+001
  5.5500000e+002  6.2100000e+002  7.6500000e+002  3.5700000e+002  6.6000000e+001  1.6000000e+001
  2.1290000e+003  3.9740000e+003  4.4360000e+003  1.0210000e+003  2.9800000e+002  2.3500000e+002
  7.7760000e+003  1.0058000e+004  1.3308000e+004  3.9310000e+003  1.1250000e+003  4.0700000e+002
  1.6660000e+003  5.4640000e+003  6.4250000e+003  1.4810000e+003  5.7900000e+002  1.4100000e+002
  5.1840000e+003  8.0710000e+003  1.0861000e+004  2.3990000e+003  5.2900000e+002  0.0000000e+000
  1.4810000e+003  2.8560000e+003  3.0590000e+003  6.1300000e+002  1.3200000e+002  1.7700000e+002
  2.3140000e+003  4.0980000e+003  4.4360000e+003  7.6600000e+002  1.8200000e+002  5.1600000e+002
  2.7800000e+002  8.6900000e+002  9.1800000e+002  1.5300000e+002  1.7000000e+001  3.7000000e+001
  1.8500000e+002  3.7300000e+002  3.0600000e+002  5.1000000e+001  0.0000000e+000  2.1000000e+001
  7.4100000e+002  1.8630000e+003  1.9890000e+003  2.5500000e+002  3.3000000e+001  8.3000000e+001
  7.4100000e+002  9.9300000e+002  1.3770000e+003  2.0400000e+002  3.3000000e+001  6.3000000e+001
  2.5920000e+003  3.1040000e+003  3.6710000e+003  8.1700000e+002  1.9800000e+002  1.3600000e+002
